# Wells VPC
# 
# Each line contains information for one level of one Wells VPC
# Sand proportion is composed from Channel Lag, Point Bar / LAPs, Sand Plug and Crevasse Splay 1
# Each column represents successively:
# Minimum of level
# Maximum of level
# CL
# PB
# SP
# CSI
# CCh
# CSII
# LV
# OB
# MP
# CF
# WL
# DR
# PL
# UDF
# Removed facies
# Unavailable data
# Sand proportion (CL+SP+PB+CS1)
# Total
         MIN ,          MAX ,           CL ,           PB ,           SP ,          CSI ,          CCh ,         CSII ,           LV ,           OB ,           MP ,           CF ,           WL ,           DR ,           PL ,          UDF ,       Remov. ,     Unavail. ,         Sand ,        Total 
        0.00 ,         1.00 ,        0.009 ,        0.457 ,        0.000 ,        0.000 ,        0.000 ,        0.000 ,        0.078 ,        0.321 ,        0.135 ,        0.000 ,        0.000 ,        0.000 ,        0.000 ,        0.000 ,        0.000 ,        0.000 ,        0.466 ,        1.000 
        1.00 ,         2.00 ,        0.028 ,        0.507 ,        0.000 ,        0.000 ,        0.000 ,        0.000 ,        0.142 ,        0.159 ,        0.164 ,        0.000 ,        0.000 ,        0.000 ,        0.000 ,        0.000 ,        0.000 ,        0.000 ,        0.535 ,        1.000 
        2.00 ,         3.00 ,        0.003 ,        0.481 ,        0.000 ,        0.000 ,        0.000 ,        0.000 ,        0.058 ,        0.369 ,        0.089 ,        0.000 ,        0.000 ,        0.000 ,        0.000 ,        0.000 ,        0.000 ,        0.000 ,        0.484 ,        1.000 
        3.00 ,         4.00 ,        0.020 ,        0.501 ,        0.012 ,        0.000 ,        0.000 ,        0.000 ,        0.094 ,        0.233 ,        0.141 ,        0.000 ,        0.000 ,        0.000 ,        0.000 ,        0.000 ,        0.000 ,        0.000 ,        0.532 ,        1.000 
        4.00 ,         5.00 ,        0.008 ,        0.663 ,        0.000 ,        0.000 ,        0.000 ,        0.000 ,        0.075 ,        0.175 ,        0.079 ,        0.000 ,        0.000 ,        0.000 ,        0.000 ,        0.000 ,        0.000 ,        0.000 ,        0.671 ,        1.000 
        5.00 ,         6.00 ,        0.009 ,        0.698 ,        0.000 ,        0.000 ,        0.001 ,        0.000 ,        0.005 ,        0.147 ,        0.141 ,        0.000 ,        0.000 ,        0.000 ,        0.000 ,        0.000 ,        0.000 ,        0.000 ,        0.707 ,        1.000 
        6.00 ,         7.00 ,        0.024 ,        0.706 ,        0.002 ,        0.000 ,        0.000 ,        0.001 ,        0.062 ,        0.136 ,        0.069 ,        0.000 ,        0.000 ,        0.000 ,        0.000 ,        0.000 ,        0.000 ,        0.000 ,        0.732 ,        1.000 
        7.00 ,         8.00 ,        0.014 ,        0.595 ,        0.000 ,        0.000 ,        0.000 ,        0.000 ,        0.027 ,        0.291 ,        0.074 ,        0.000 ,        0.000 ,        0.000 ,        0.000 ,        0.000 ,        0.000 ,        0.000 ,        0.609 ,        1.000 
        8.00 ,         9.00 ,        0.012 ,        0.620 ,        0.006 ,        0.000 ,        0.000 ,        0.000 ,        0.088 ,        0.266 ,        0.007 ,        0.000 ,        0.000 ,        0.000 ,        0.000 ,        0.000 ,        0.000 ,        0.000 ,        0.638 ,        1.000 
        9.00 ,        10.00 ,        0.027 ,        0.637 ,        0.000 ,        0.000 ,        0.000 ,        0.000 ,        0.087 ,        0.149 ,        0.100 ,        0.000 ,        0.000 ,        0.000 ,        0.000 ,        0.000 ,        0.000 ,        0.000 ,        0.664 ,        1.000 
       10.00 ,        11.00 ,        0.009 ,        0.651 ,        0.017 ,        0.000 ,        0.000 ,        0.000 ,        0.052 ,        0.145 ,        0.125 ,        0.000 ,        0.000 ,        0.000 ,        0.000 ,        0.000 ,        0.000 ,        0.000 ,        0.678 ,        1.000 
       11.00 ,        12.00 ,        0.005 ,        0.552 ,        0.009 ,        0.000 ,        0.000 ,        0.000 ,        0.040 ,        0.144 ,        0.250 ,        0.000 ,        0.000 ,        0.000 ,        0.000 ,        0.000 ,        0.000 ,        0.000 ,        0.565 ,        1.000 
       12.00 ,        13.00 ,        0.008 ,        0.686 ,        0.000 ,        0.000 ,        0.000 ,        0.000 ,        0.047 ,        0.093 ,        0.166 ,        0.000 ,        0.000 ,        0.000 ,        0.000 ,        0.000 ,        0.000 ,        0.000 ,        0.694 ,        1.000 
       13.00 ,        14.00 ,        0.033 ,        0.654 ,        0.039 ,        0.000 ,        0.000 ,        0.000 ,        0.023 ,        0.107 ,        0.145 ,        0.000 ,        0.000 ,        0.000 ,        0.000 ,        0.000 ,        0.000 ,        0.000 ,        0.726 ,        1.000 
       14.00 ,        15.00 ,        0.015 ,        0.589 ,        0.045 ,        0.000 ,        0.000 ,        0.000 ,        0.097 ,        0.112 ,        0.142 ,        0.000 ,        0.000 ,        0.000 ,        0.000 ,        0.000 ,        0.000 ,        0.000 ,        0.649 ,        1.000 
       15.00 ,        16.00 ,        0.014 ,        0.588 ,        0.000 ,        0.000 ,        0.000 ,        0.000 ,        0.060 ,        0.196 ,        0.143 ,        0.000 ,        0.000 ,        0.000 ,        0.000 ,        0.000 ,        0.000 ,        0.000 ,        0.602 ,        1.000 
       16.00 ,        17.00 ,        0.026 ,        0.648 ,        0.000 ,        0.000 ,        0.000 ,        0.000 ,        0.009 ,        0.133 ,        0.184 ,        0.000 ,        0.000 ,        0.000 ,        0.000 ,        0.000 ,        0.000 ,        0.000 ,        0.673 ,        1.000 
       17.00 ,        18.00 ,        0.023 ,        0.661 ,        0.075 ,        0.000 ,        0.000 ,        0.000 ,        0.013 ,        0.049 ,        0.178 ,        0.000 ,        0.000 ,        0.000 ,        0.000 ,        0.000 ,        0.000 ,        0.000 ,        0.760 ,        1.000 
       18.00 ,        19.00 ,        0.013 ,        0.616 ,        0.077 ,        0.000 ,        0.000 ,        0.000 ,        0.022 ,        0.057 ,        0.216 ,        0.000 ,        0.000 ,        0.000 ,        0.000 ,        0.000 ,        0.000 ,        0.000 ,        0.706 ,        1.000 
       19.00 ,        20.00 ,        0.019 ,        0.719 ,        0.008 ,        0.000 ,        0.000 ,        0.000 ,        0.009 ,        0.097 ,        0.148 ,        0.000 ,        0.000 ,        0.000 ,        0.000 ,        0.000 ,        0.000 ,        0.000 ,        0.746 ,        1.000 
       20.00 ,        21.00 ,        0.022 ,        0.606 ,        0.001 ,        0.000 ,        0.000 ,        0.000 ,        0.006 ,        0.117 ,        0.248 ,        0.000 ,        0.000 ,        0.000 ,        0.000 ,        0.000 ,        0.000 ,        0.000 ,        0.629 ,        1.000 
       21.00 ,        22.00 ,        0.025 ,        0.676 ,        0.031 ,        0.000 ,        0.000 ,        0.000 ,        0.020 ,        0.036 ,        0.211 ,        0.000 ,        0.000 ,        0.000 ,        0.000 ,        0.000 ,        0.000 ,        0.000 ,        0.733 ,        1.000 
       22.00 ,        23.00 ,        0.007 ,        0.544 ,        0.000 ,        0.000 ,        0.000 ,        0.000 ,        0.061 ,        0.090 ,        0.298 ,        0.000 ,        0.000 ,        0.000 ,        0.000 ,        0.000 ,        0.000 ,        0.000 ,        0.551 ,        1.000 
       23.00 ,        24.00 ,        0.023 ,        0.558 ,        0.046 ,        0.000 ,        0.000 ,        0.000 ,        0.046 ,        0.202 ,        0.124 ,        0.000 ,        0.000 ,        0.000 ,        0.000 ,        0.000 ,        0.000 ,        0.000 ,        0.628 ,        1.000 
       24.00 ,        25.00 ,        0.009 ,        0.580 ,        0.009 ,        0.000 ,        0.000 ,        0.000 ,        0.062 ,        0.172 ,        0.168 ,        0.000 ,        0.000 ,        0.000 ,        0.000 ,        0.000 ,        0.000 ,        0.000 ,        0.598 ,        1.000 
       25.00 ,        26.00 ,        0.007 ,        0.438 ,        0.020 ,        0.000 ,        0.022 ,        0.000 ,        0.111 ,        0.201 ,        0.200 ,        0.000 ,        0.000 ,        0.000 ,        0.000 ,        0.000 ,        0.000 ,        0.000 ,        0.466 ,        1.000 
       26.00 ,        27.00 ,        0.026 ,        0.418 ,        0.001 ,        0.000 ,        0.000 ,        0.000 ,        0.106 ,        0.184 ,        0.265 ,        0.000 ,        0.000 ,        0.000 ,        0.000 ,        0.000 ,        0.000 ,        0.000 ,        0.445 ,        1.000 
       27.00 ,        28.00 ,        0.000 ,        0.582 ,        0.028 ,        0.000 ,        0.000 ,        0.000 ,        0.059 ,        0.190 ,        0.140 ,        0.000 ,        0.000 ,        0.000 ,        0.000 ,        0.000 ,        0.000 ,        0.000 ,        0.610 ,        1.000 
       28.00 ,        29.00 ,        0.012 ,        0.543 ,        0.032 ,        0.000 ,        0.016 ,        0.000 ,        0.132 ,        0.145 ,        0.120 ,        0.000 ,        0.000 ,        0.000 ,        0.000 ,        0.000 ,        0.000 ,        0.000 ,        0.588 ,        1.000 
       29.00 ,        30.00 ,        0.018 ,        0.723 ,        0.030 ,        0.000 ,        0.001 ,        0.000 ,        0.046 ,        0.132 ,        0.050 ,        0.000 ,        0.000 ,        0.000 ,        0.000 ,        0.000 ,        0.000 ,        0.000 ,        0.771 ,        1.000 
       30.00 ,        31.00 ,        0.012 ,        0.714 ,        0.012 ,        0.000 ,        0.000 ,        0.001 ,        0.103 ,        0.127 ,        0.032 ,        0.000 ,        0.000 ,        0.000 ,        0.000 ,        0.000 ,        0.000 ,        0.000 ,        0.737 ,        1.000 
       31.00 ,        32.00 ,        0.009 ,        0.666 ,        0.005 ,        0.000 ,        0.000 ,        0.001 ,        0.077 ,        0.163 ,        0.078 ,        0.000 ,        0.000 ,        0.000 ,        0.000 ,        0.000 ,        0.000 ,        0.000 ,        0.680 ,        1.000 
       32.00 ,        33.00 ,        0.017 ,        0.614 ,        0.008 ,        0.000 ,        0.000 ,        0.000 ,        0.050 ,        0.133 ,        0.176 ,        0.000 ,        0.000 ,        0.000 ,        0.000 ,        0.000 ,        0.000 ,        0.000 ,        0.640 ,        1.000 
       33.00 ,        34.00 ,        0.009 ,        0.636 ,        0.000 ,        0.000 ,        0.011 ,        0.000 ,        0.035 ,        0.109 ,        0.200 ,        0.000 ,        0.000 ,        0.000 ,        0.000 ,        0.000 ,        0.000 ,        0.000 ,        0.645 ,        1.000 
       34.00 ,        35.00 ,        0.007 ,        0.612 ,        0.000 ,        0.000 ,        0.000 ,        0.000 ,        0.048 ,        0.172 ,        0.160 ,        0.000 ,        0.000 ,        0.000 ,        0.000 ,        0.000 ,        0.000 ,        0.000 ,        0.619 ,        1.000 
       35.00 ,        36.00 ,        0.024 ,        0.609 ,        0.001 ,        0.000 ,        0.000 ,        0.000 ,        0.080 ,        0.239 ,        0.047 ,        0.000 ,        0.000 ,        0.000 ,        0.000 ,        0.000 ,        0.000 ,        0.000 ,        0.634 ,        1.000 
       36.00 ,        37.00 ,        0.012 ,        0.488 ,        0.000 ,        0.000 ,        0.000 ,        0.000 ,        0.158 ,        0.234 ,        0.107 ,        0.000 ,        0.000 ,        0.000 ,        0.000 ,        0.000 ,        0.000 ,        0.000 ,        0.501 ,        1.000 
       37.00 ,        38.00 ,        0.016 ,        0.468 ,        0.029 ,        0.000 ,        0.000 ,        0.000 ,        0.068 ,        0.267 ,        0.152 ,        0.000 ,        0.000 ,        0.000 ,        0.000 ,        0.000 ,        0.000 ,        0.000 ,        0.513 ,        1.000 
       38.00 ,        39.00 ,        0.013 ,        0.415 ,        0.041 ,        0.000 ,        0.000 ,        0.000 ,        0.070 ,        0.340 ,        0.121 ,        0.000 ,        0.000 ,        0.000 ,        0.000 ,        0.000 ,        0.000 ,        0.000 ,        0.469 ,        1.000 
       39.00 ,        40.00 ,        0.001 ,        0.453 ,        0.024 ,        0.000 ,        0.000 ,        0.000 ,        0.125 ,        0.250 ,        0.147 ,        0.000 ,        0.000 ,        0.000 ,        0.000 ,        0.000 ,        0.000 ,        0.000 ,        0.478 ,        1.000 
       40.00 ,        41.00 ,        0.009 ,        0.266 ,        0.003 ,        0.000 ,        0.000 ,        0.000 ,        0.156 ,        0.269 ,        0.296 ,        0.000 ,        0.000 ,        0.000 ,        0.000 ,        0.000 ,        0.000 ,        0.000 ,        0.278 ,        1.000 
       41.00 ,        42.00 ,        0.024 ,        0.298 ,        0.001 ,        0.000 ,        0.000 ,        0.000 ,        0.115 ,        0.289 ,        0.273 ,        0.000 ,        0.000 ,        0.000 ,        0.000 ,        0.000 ,        0.000 ,        0.000 ,        0.323 ,        1.000 
       42.00 ,        43.00 ,        0.019 ,        0.284 ,        0.030 ,        0.000 ,        0.000 ,        0.000 ,        0.079 ,        0.386 ,        0.202 ,        0.000 ,        0.000 ,        0.000 ,        0.000 ,        0.000 ,        0.000 ,        0.000 ,        0.333 ,        1.000 
       43.00 ,        44.00 ,        0.000 ,        0.497 ,        0.006 ,        0.000 ,        0.000 ,        0.000 ,        0.126 ,        0.225 ,        0.146 ,        0.000 ,        0.000 ,        0.000 ,        0.000 ,        0.000 ,        0.000 ,        0.000 ,        0.503 ,        1.000 
       44.00 ,        45.00 ,        0.021 ,        0.661 ,        0.000 ,        0.000 ,        0.002 ,        0.000 ,        0.068 ,        0.161 ,        0.088 ,        0.000 ,        0.000 ,        0.000 ,        0.000 ,        0.000 ,        0.000 ,        0.000 ,        0.682 ,        1.000 
       45.00 ,        46.00 ,        0.017 ,        0.585 ,        0.035 ,        0.000 ,        0.000 ,        0.000 ,        0.090 ,        0.223 ,        0.050 ,        0.000 ,        0.000 ,        0.000 ,        0.000 ,        0.000 ,        0.000 ,        0.000 ,        0.637 ,        1.000 
       46.00 ,        47.00 ,        0.011 ,        0.443 ,        0.014 ,        0.000 ,        0.000 ,        0.000 ,        0.116 ,        0.360 ,        0.056 ,        0.000 ,        0.000 ,        0.000 ,        0.000 ,        0.000 ,        0.000 ,        0.000 ,        0.468 ,        1.000 
       47.00 ,        48.00 ,        0.014 ,        0.349 ,        0.005 ,        0.000 ,        0.000 ,        0.000 ,        0.090 ,        0.360 ,        0.182 ,        0.000 ,        0.000 ,        0.000 ,        0.000 ,        0.000 ,        0.000 ,        0.000 ,        0.368 ,        1.000 
       48.00 ,        49.00 ,        0.000 ,        0.308 ,        0.000 ,        0.000 ,        0.000 ,        0.000 ,        0.070 ,        0.380 ,        0.242 ,        0.000 ,        0.000 ,        0.000 ,        0.000 ,        0.000 ,        0.000 ,        0.000 ,        0.308 ,        1.000 
       49.00 ,        50.00 ,        0.017 ,        0.439 ,        0.000 ,        0.000 ,        0.000 ,        0.000 ,        0.176 ,        0.199 ,        0.169 ,        0.000 ,        0.000 ,        0.000 ,        0.000 ,        0.000 ,        0.000 ,        0.000 ,        0.456 ,        1.000 
       50.00 ,        51.00 ,        0.033 ,        0.403 ,        0.000 ,        0.000 ,        0.000 ,        0.000 ,        0.182 ,        0.284 ,        0.098 ,        0.000 ,        0.000 ,        0.000 ,        0.000 ,        0.000 ,        0.000 ,        0.000 ,        0.436 ,        1.000 
       51.00 ,        52.00 ,        0.029 ,        0.464 ,        0.000 ,        0.000 ,        0.000 ,        0.000 ,        0.207 ,        0.160 ,        0.140 ,        0.000 ,        0.000 ,        0.000 ,        0.000 ,        0.000 ,        0.000 ,        0.000 ,        0.493 ,        1.000 
       52.00 ,        53.00 ,        0.023 ,        0.366 ,        0.017 ,        0.000 ,        0.000 ,        0.000 ,        0.076 ,        0.231 ,        0.287 ,        0.000 ,        0.000 ,        0.000 ,        0.000 ,        0.000 ,        0.000 ,        0.000 ,        0.406 ,        1.000 
       53.00 ,        54.00 ,        0.043 ,        0.580 ,        0.005 ,        0.000 ,        0.000 ,        0.000 ,        0.078 ,        0.108 ,        0.186 ,        0.000 ,        0.000 ,        0.000 ,        0.000 ,        0.000 ,        0.000 ,        0.000 ,        0.628 ,        1.000 
       54.00 ,        55.00 ,        0.018 ,        0.653 ,        0.009 ,        0.000 ,        0.000 ,        0.000 ,        0.017 ,        0.082 ,        0.220 ,        0.000 ,        0.000 ,        0.000 ,        0.000 ,        0.000 ,        0.000 ,        0.000 ,        0.680 ,        1.000 
       55.00 ,        56.00 ,        0.007 ,        0.602 ,        0.063 ,        0.000 ,        0.000 ,        0.000 ,        0.055 ,        0.044 ,        0.229 ,        0.000 ,        0.000 ,        0.000 ,        0.000 ,        0.000 ,        0.000 ,        0.000 ,        0.673 ,        1.000 
       56.00 ,        57.00 ,        0.030 ,        0.592 ,        0.023 ,        0.000 ,        0.000 ,        0.000 ,        0.089 ,        0.084 ,        0.182 ,        0.000 ,        0.000 ,        0.000 ,        0.000 ,        0.000 ,        0.000 ,        0.000 ,        0.645 ,        1.000 
       57.00 ,        58.00 ,        0.017 ,        0.586 ,        0.045 ,        0.000 ,        0.000 ,        0.000 ,        0.118 ,        0.154 ,        0.079 ,        0.000 ,        0.000 ,        0.000 ,        0.000 ,        0.000 ,        0.000 ,        0.000 ,        0.648 ,        1.000 
       58.00 ,        59.00 ,        0.006 ,        0.632 ,        0.045 ,        0.000 ,        0.000 ,        0.000 ,        0.082 ,        0.095 ,        0.141 ,        0.000 ,        0.000 ,        0.000 ,        0.000 ,        0.000 ,        0.000 ,        0.000 ,        0.682 ,        1.000 
       59.00 ,        60.00 ,        0.007 ,        0.615 ,        0.041 ,        0.000 ,        0.000 ,        0.000 ,        0.002 ,        0.098 ,        0.236 ,        0.000 ,        0.000 ,        0.000 ,        0.000 ,        0.000 ,        0.000 ,        0.000 ,        0.664 ,        1.000 
       60.00 ,        61.00 ,        0.007 ,        0.545 ,        0.007 ,        0.000 ,        0.000 ,        0.000 ,        0.033 ,        0.166 ,        0.242 ,        0.000 ,        0.000 ,        0.000 ,        0.000 ,        0.000 ,        0.000 ,        0.000 ,        0.559 ,        1.000 
       61.00 ,        62.00 ,        0.034 ,        0.642 ,        0.013 ,        0.000 ,        0.000 ,        0.000 ,        0.009 ,        0.194 ,        0.108 ,        0.000 ,        0.000 ,        0.000 ,        0.000 ,        0.000 ,        0.000 ,        0.000 ,        0.688 ,        1.000 
       62.00 ,        63.00 ,        0.015 ,        0.735 ,        0.001 ,        0.000 ,        0.000 ,        0.000 ,        0.032 ,        0.122 ,        0.094 ,        0.000 ,        0.000 ,        0.000 ,        0.000 ,        0.000 ,        0.000 ,        0.000 ,        0.751 ,        1.000 
       63.00 ,        64.00 ,        0.016 ,        0.716 ,        0.028 ,        0.000 ,        0.000 ,        0.000 ,        0.043 ,        0.084 ,        0.114 ,        0.000 ,        0.000 ,        0.000 ,        0.000 ,        0.000 ,        0.000 ,        0.000 ,        0.759 ,        1.000 
       64.00 ,        65.00 ,        0.010 ,        0.740 ,        0.013 ,        0.000 ,        0.000 ,        0.000 ,        0.053 ,        0.109 ,        0.075 ,        0.000 ,        0.000 ,        0.000 ,        0.000 ,        0.000 ,        0.000 ,        0.000 ,        0.762 ,        1.000 
       65.00 ,        66.00 ,        0.004 ,        0.735 ,        0.021 ,        0.000 ,        0.000 ,        0.001 ,        0.046 ,        0.092 ,        0.101 ,        0.000 ,        0.000 ,        0.000 ,        0.000 ,        0.000 ,        0.000 ,        0.000 ,        0.760 ,        1.000 
       66.00 ,        67.00 ,        0.018 ,        0.694 ,        0.001 ,        0.000 ,        0.000 ,        0.000 ,        0.045 ,        0.098 ,        0.146 ,        0.000 ,        0.000 ,        0.000 ,        0.000 ,        0.000 ,        0.000 ,        0.000 ,        0.712 ,        1.000 
       67.00 ,        68.00 ,        0.017 ,        0.647 ,        0.000 ,        0.000 ,        0.000 ,        0.000 ,        0.091 ,        0.039 ,        0.206 ,        0.000 ,        0.000 ,        0.000 ,        0.000 ,        0.000 ,        0.000 ,        0.000 ,        0.664 ,        1.000 
       68.00 ,        69.00 ,        0.002 ,        0.698 ,        0.001 ,        0.000 ,        0.000 ,        0.000 ,        0.040 ,        0.040 ,        0.218 ,        0.000 ,        0.000 ,        0.000 ,        0.000 ,        0.000 ,        0.000 ,        0.000 ,        0.702 ,        1.000 
       69.00 ,        70.00 ,        0.026 ,        0.724 ,        0.041 ,        0.000 ,        0.000 ,        0.000 ,        0.028 ,        0.055 ,        0.125 ,        0.000 ,        0.000 ,        0.000 ,        0.000 ,        0.000 ,        0.000 ,        0.000 ,        0.792 ,        1.000 
       70.00 ,        71.00 ,        0.031 ,        0.681 ,        0.045 ,        0.000 ,        0.000 ,        0.000 ,        0.028 ,        0.039 ,        0.177 ,        0.000 ,        0.000 ,        0.000 ,        0.000 ,        0.000 ,        0.000 ,        0.000 ,        0.756 ,        1.000 
       71.00 ,        72.00 ,        0.023 ,        0.686 ,        0.023 ,        0.000 ,        0.000 ,        0.000 ,        0.053 ,        0.056 ,        0.158 ,        0.000 ,        0.000 ,        0.000 ,        0.000 ,        0.000 ,        0.000 ,        0.000 ,        0.733 ,        1.000 
       72.00 ,        73.00 ,        0.011 ,        0.707 ,        0.006 ,        0.000 ,        0.000 ,        0.000 ,        0.028 ,        0.091 ,        0.157 ,        0.000 ,        0.000 ,        0.000 ,        0.000 ,        0.000 ,        0.000 ,        0.000 ,        0.724 ,        1.000 
       73.00 ,        74.00 ,        0.001 ,        0.748 ,        0.037 ,        0.000 ,        0.000 ,        0.000 ,        0.000 ,        0.003 ,        0.212 ,        0.000 ,        0.000 ,        0.000 ,        0.000 ,        0.000 ,        0.000 ,        0.000 ,        0.786 ,        1.000 
       74.00 ,        75.00 ,        0.005 ,        0.742 ,        0.073 ,        0.000 ,        0.000 ,        0.000 ,        0.000 ,        0.032 ,        0.148 ,        0.000 ,        0.000 ,        0.000 ,        0.000 ,        0.000 ,        0.000 ,        0.000 ,        0.820 ,        1.000 
       75.00 ,        76.00 ,        0.021 ,        0.639 ,        0.055 ,        0.000 ,        0.000 ,        0.000 ,        0.020 ,        0.077 ,        0.189 ,        0.000 ,        0.000 ,        0.000 ,        0.000 ,        0.000 ,        0.000 ,        0.000 ,        0.715 ,        1.000 
       76.00 ,        77.00 ,        0.009 ,        0.634 ,        0.022 ,        0.000 ,        0.000 ,        0.000 ,        0.086 ,        0.082 ,        0.167 ,        0.000 ,        0.000 ,        0.000 ,        0.000 ,        0.000 ,        0.000 ,        0.000 ,        0.665 ,        1.000 
       77.00 ,        78.00 ,        0.005 ,        0.595 ,        0.004 ,        0.000 ,        0.000 ,        0.000 ,        0.050 ,        0.080 ,        0.267 ,        0.000 ,        0.000 ,        0.000 ,        0.000 ,        0.000 ,        0.000 ,        0.000 ,        0.603 ,        1.000 
       78.00 ,        79.00 ,        0.015 ,        0.632 ,        0.041 ,        0.000 ,        0.000 ,        0.000 ,        0.013 ,        0.116 ,        0.182 ,        0.000 ,        0.000 ,        0.000 ,        0.000 ,        0.000 ,        0.000 ,        0.000 ,        0.689 ,        1.000 
       79.00 ,        80.00 ,        0.016 ,        0.594 ,        0.100 ,        0.000 ,        0.000 ,        0.000 ,        0.039 ,        0.102 ,        0.148 ,        0.000 ,        0.000 ,        0.000 ,        0.000 ,        0.000 ,        0.000 ,        0.000 ,        0.710 ,        1.000 
       80.00 ,        81.00 ,        0.021 ,        0.791 ,        0.009 ,        0.000 ,        0.000 ,        0.000 ,        0.011 ,        0.023 ,        0.145 ,        0.000 ,        0.000 ,        0.000 ,        0.000 ,        0.000 ,        0.000 ,        0.000 ,        0.821 ,        1.000 
       81.00 ,        82.00 ,        0.009 ,        0.669 ,        0.018 ,        0.000 ,        0.000 ,        0.000 ,        0.008 ,        0.000 ,        0.296 ,        0.000 ,        0.000 ,        0.000 ,        0.000 ,        0.000 ,        0.000 ,        0.000 ,        0.696 ,        1.000 
       82.00 ,        83.00 ,        0.000 ,        0.564 ,        0.031 ,        0.000 ,        0.000 ,        0.000 ,        0.025 ,        0.022 ,        0.358 ,        0.000 ,        0.000 ,        0.000 ,        0.000 ,        0.000 ,        0.000 ,        0.000 ,        0.595 ,        1.000 
       83.00 ,        84.00 ,        0.017 ,        0.749 ,        0.016 ,        0.000 ,        0.000 ,        0.000 ,        0.028 ,        0.063 ,        0.127 ,        0.000 ,        0.000 ,        0.000 ,        0.000 ,        0.000 ,        0.000 ,        0.000 ,        0.782 ,        1.000 
       84.00 ,        85.00 ,        0.000 ,        0.728 ,        0.055 ,        0.000 ,        0.000 ,        0.000 ,        0.041 ,        0.073 ,        0.103 ,        0.000 ,        0.000 ,        0.000 ,        0.000 ,        0.000 ,        0.000 ,        0.000 ,        0.783 ,        1.000 

# Total in one level
         MIN ,          MAX ,           CL ,           PB ,           SP ,          CSI ,          CCh ,         CSII ,           LV ,           OB ,           MP ,           CF ,           WL ,           DR ,           PL ,          UDF ,       Remov. ,     Unavail. ,         Sand ,        Total 
        0.00 ,        85.00 ,        0.015 ,        0.591 ,        0.019 ,        0.000 ,        0.001 ,        0.000 ,        0.063 ,        0.152 ,        0.159 ,        0.000 ,        0.000 ,        0.000 ,        0.000 ,        0.000 ,        0.000 ,        0.000 ,        0.625 ,        1.000 
