#,Wells,VPC,,,,,,,,,,,,,,,,,,
#,,,,,,,,,,,,,,,,,,,,
#,Each,line,contains,information,for,one,level,of,one,Wells,VPC,,,,,,,,,
#,Sand,proportion,is,composed,from,Channel,Lag,Point,Bar,/,LAPs,Sand,Plug,and,Crevasse,Splay,1,,,
#,Each,column,represents,successively:,,,,,,,,,,,,,,,,
#,Minimum,of,level,,,,,,,,,,,,,,,,,
#,Maximum,of,level,,,,,,,,,,,,,,,,,
#,CL,,,,,,,,,,,,,,,,,,,
#,PB,,,,,,,,,,,,,,,,,,,
#,SP,,,,,,,,,,,,,,,,,,,
#,CSI,,,,,,,,,,,,,,,,,,,
#,CCh,,,,,,,,,,,,,,,,,,,
#,CSII,,,,,,,,,,,,,,,,,,,
#,LV,,,,,,,,,,,,,,,,,,,
#,OB,,,,,,,,,,,,,,,,,,,
#,MP,,,,,,,,,,,,,,,,,,,
#,CF,,,,,,,,,,,,,,,,,,,
#,WL,,,,,,,,,,,,,,,,,,,
#,DR,,,,,,,,,,,,,,,,,,,
#,PL,,,,,,,,,,,,,,,,,,,
#,UDF,,,,,,,,,,,,,,,,,,,
#,Removed,facies,,,,,,,,,,,,,,,,,,
#,Unavailable,data,,,,,,,,,,,,,,,,,,
#,Sand,proportion,(CL+SP+PB+CS1),,,,,,,,,,,,,,,,,
#,Total,,,,,,,,,,,,,,,,,,,
MIN,MAX,CL,PB,SP,CSI,CCh,CSII,LV,OB,MP,CF,WL,DR,PL,UDF,Remov.,Unavail.,Sand,Total
0.00,1.00,0.000,0.000,0.000,0.000,0.000,0.000,0.125,0.000,0.000,0.000,0.000,0.000,0.000,0.000,0.000,0.875,0.000,1.000
1.00,2.00,0.000,0.000,0.000,0.000,0.000,0.000,0.125,0.113,0.000,0.000,0.000,0.000,0.000,0.000,0.000,0.762,0.000,1.000
2.00,3.00,0.000,0.000,0.000,0.000,0.000,0.000,0.125,0.125,0.000,0.000,0.000,0.000,0.000,0.000,0.000,0.750,0.000,1.000
3.00,4.00,0.000,0.000,0.000,0.025,0.000,0.000,0.100,0.125,0.000,0.000,0.000,0.000,0.000,0.000,0.000,0.750,0.100,1.000
4.00,5.00,0.000,0.075,0.000,0.037,0.000,0.088,0.000,0.125,0.000,0.000,0.000,0.000,0.000,0.000,0.000,0.675,0.344,1.000
5.00,6.00,0.000,0.125,0.000,0.000,0.000,0.000,0.000,0.137,0.000,0.000,0.113,0.000,0.000,0.000,0.000,0.625,0.333,1.000
6.00,7.00,0.000,0.200,0.000,0.000,0.000,0.000,0.000,0.162,0.000,0.000,0.012,0.000,0.000,0.000,0.000,0.625,0.533,1.000
7.00,8.00,0.000,0.250,0.000,0.000,0.000,0.000,0.000,0.125,0.000,0.000,0.000,0.000,0.000,0.000,0.000,0.625,0.666,1.000
8.00,9.00,0.000,0.062,0.000,0.000,0.000,0.000,0.000,0.312,0.000,0.000,0.000,0.000,0.000,0.000,0.000,0.625,0.165,1.000
9.00,10.00,0.000,0.025,0.000,0.000,0.000,0.000,0.000,0.312,0.000,0.000,0.038,0.000,0.000,0.000,0.000,0.625,0.066,1.000
10.00,11.00,0.000,0.125,0.000,0.000,0.000,0.000,0.000,0.175,0.000,0.000,0.075,0.000,0.000,0.000,0.000,0.625,0.333,1.000
11.00,12.00,0.000,0.125,0.000,0.062,0.000,0.012,0.000,0.050,0.000,0.000,0.125,0.000,0.000,0.000,0.000,0.625,0.501,1.000
12.00,13.00,0.000,0.125,0.000,0.050,0.000,0.000,0.000,0.113,0.000,0.000,0.087,0.000,0.000,0.000,0.000,0.625,0.466,1.000
13.00,14.00,0.000,0.125,0.000,0.000,0.000,0.000,0.000,0.213,0.000,0.000,0.037,0.000,0.000,0.000,0.000,0.625,0.333,1.000
14.00,15.00,0.050,0.075,0.000,0.113,0.000,0.000,0.000,0.225,0.000,0.000,0.000,0.000,0.000,0.000,0.000,0.537,0.514,1.000
15.00,16.00,0.000,0.125,0.000,0.012,0.000,0.113,0.025,0.225,0.000,0.000,0.000,0.000,0.000,0.000,0.000,0.500,0.274,1.000
16.00,17.00,0.000,0.125,0.000,0.038,0.000,0.212,0.000,0.125,0.000,0.000,0.000,0.000,0.000,0.000,0.000,0.500,0.326,1.000
17.00,18.00,0.000,0.125,0.000,0.012,0.000,0.238,0.000,0.037,0.000,0.000,0.088,0.000,0.000,0.000,0.000,0.500,0.274,1.000
18.00,19.00,0.000,0.100,0.000,0.050,0.000,0.087,0.000,0.225,0.000,0.000,0.037,0.000,0.000,0.000,0.000,0.500,0.300,1.000
19.00,20.00,0.000,0.000,0.000,0.037,0.000,0.088,0.037,0.288,0.000,0.000,0.050,0.000,0.000,0.000,0.000,0.500,0.074,1.000
20.00,21.00,0.000,0.000,0.000,0.000,0.000,0.000,0.200,0.300,0.000,0.000,0.000,0.000,0.000,0.000,0.000,0.500,0.000,1.000
21.00,22.00,0.000,0.125,0.000,0.019,0.000,0.000,0.156,0.325,0.000,0.000,0.000,0.000,0.000,0.000,0.000,0.375,0.230,1.000
22.00,23.00,0.000,0.125,0.000,0.000,0.000,0.000,0.125,0.350,0.000,0.000,0.025,0.000,0.000,0.000,0.000,0.375,0.200,1.000
23.00,24.00,0.000,0.125,0.000,0.000,0.000,0.000,0.119,0.356,0.000,0.000,0.025,0.000,0.000,0.000,0.000,0.375,0.200,1.000
24.00,25.00,0.000,0.125,0.000,0.038,0.000,0.000,0.125,0.337,0.000,0.000,0.000,0.000,0.000,0.000,0.000,0.375,0.261,1.000
25.00,26.00,0.000,0.200,0.000,0.025,0.000,0.000,0.162,0.225,0.000,0.000,0.013,0.000,0.000,0.000,0.000,0.375,0.360,1.000
26.00,27.00,0.037,0.213,0.000,0.000,0.000,0.000,0.200,0.088,0.000,0.000,0.087,0.000,0.000,0.000,0.000,0.375,0.400,1.000
27.00,28.00,0.000,0.250,0.000,0.038,0.000,0.000,0.125,0.212,0.000,0.000,0.000,0.000,0.000,0.000,0.000,0.375,0.461,1.000
28.00,29.00,0.000,0.250,0.000,0.025,0.000,0.000,0.125,0.175,0.000,0.000,0.050,0.000,0.000,0.000,0.000,0.375,0.440,1.000
29.00,30.00,0.000,0.250,0.000,0.000,0.000,0.000,0.062,0.238,0.000,0.000,0.075,0.000,0.000,0.000,0.000,0.375,0.400,1.000
30.00,31.00,0.000,0.137,0.000,0.000,0.000,0.000,0.162,0.250,0.000,0.000,0.075,0.000,0.000,0.000,0.000,0.375,0.219,1.000
31.00,32.00,0.000,0.125,0.000,0.075,0.000,0.000,0.125,0.250,0.000,0.000,0.075,0.000,0.000,0.000,0.000,0.350,0.308,1.000
32.00,33.00,0.000,0.125,0.000,0.125,0.000,0.000,0.125,0.325,0.000,0.000,0.050,0.000,0.000,0.000,0.000,0.250,0.333,1.000
33.00,34.00,0.000,0.169,0.000,0.062,0.000,0.000,0.062,0.400,0.000,0.000,0.100,0.000,0.000,0.000,0.000,0.206,0.291,1.000
34.00,35.00,0.000,0.312,0.000,0.000,0.000,0.000,0.238,0.237,0.000,0.000,0.088,0.000,0.000,0.000,0.000,0.125,0.356,1.000
35.00,36.00,0.000,0.156,0.000,0.000,0.000,0.000,0.412,0.119,0.000,0.000,0.188,0.000,0.000,0.000,0.000,0.125,0.178,1.000
36.00,37.00,0.000,0.300,0.000,0.000,0.000,0.000,0.175,0.363,0.000,0.000,0.037,0.000,0.000,0.000,0.000,0.125,0.343,1.000
37.00,38.00,0.000,0.438,0.000,0.050,0.000,0.000,0.000,0.375,0.000,0.000,0.013,0.000,0.000,0.000,0.000,0.125,0.557,1.000
38.00,39.00,0.000,0.450,0.000,0.081,0.000,0.044,0.000,0.188,0.000,0.000,0.113,0.000,0.000,0.000,0.000,0.125,0.607,1.000
39.00,40.00,0.000,0.294,0.000,0.000,0.000,0.044,0.194,0.300,0.000,0.000,0.044,0.000,0.000,0.000,0.000,0.125,0.336,1.000
40.00,41.00,0.000,0.300,0.000,0.000,0.000,0.000,0.231,0.344,0.000,0.000,0.000,0.000,0.000,0.000,0.000,0.125,0.343,1.000
41.00,42.00,0.025,0.344,0.000,0.000,0.000,0.000,0.225,0.219,0.000,0.000,0.062,0.000,0.000,0.000,0.000,0.125,0.422,1.000
42.00,43.00,0.000,0.375,0.000,0.000,0.000,0.000,0.050,0.413,0.000,0.000,0.037,0.000,0.000,0.000,0.000,0.125,0.428,1.000
43.00,44.00,0.000,0.375,0.000,0.050,0.000,0.000,0.000,0.425,0.000,0.000,0.025,0.000,0.000,0.000,0.000,0.125,0.485,1.000
44.00,45.00,0.000,0.500,0.000,0.038,0.000,0.087,0.000,0.362,0.000,0.000,0.013,0.000,0.000,0.000,0.000,0.000,0.538,1.000
45.00,46.00,0.000,0.500,0.000,0.000,0.000,0.050,0.000,0.337,0.000,0.000,0.112,0.000,0.000,0.000,0.000,0.000,0.500,1.000
46.00,47.00,0.000,0.425,0.000,0.000,0.000,0.000,0.013,0.488,0.000,0.000,0.075,0.000,0.000,0.000,0.000,0.000,0.425,1.000
47.00,48.00,0.013,0.513,0.000,0.025,0.000,0.000,0.000,0.387,0.000,0.000,0.062,0.000,0.000,0.000,0.000,0.000,0.550,1.000
48.00,49.00,0.000,0.544,0.000,0.000,0.000,0.000,0.000,0.381,0.000,0.000,0.075,0.000,0.000,0.000,0.000,0.000,0.544,1.000
49.00,50.00,0.000,0.625,0.000,0.075,0.000,0.050,0.000,0.213,0.000,0.000,0.037,0.000,0.000,0.000,0.000,0.000,0.700,1.000
50.00,51.00,0.000,0.594,0.000,0.050,0.000,0.125,0.031,0.188,0.000,0.000,0.013,0.000,0.000,0.000,0.000,0.000,0.644,1.000
51.00,52.00,0.062,0.325,0.000,0.075,0.000,0.050,0.125,0.287,0.000,0.000,0.075,0.000,0.000,0.000,0.000,0.000,0.462,1.000
52.00,53.00,0.000,0.375,0.000,0.000,0.000,0.100,0.106,0.306,0.000,0.000,0.112,0.000,0.000,0.000,0.000,0.000,0.375,1.000
53.00,54.00,0.006,0.319,0.000,0.006,0.000,0.000,0.050,0.581,0.000,0.000,0.037,0.000,0.000,0.000,0.000,0.000,0.331,1.000
54.00,55.00,0.000,0.250,0.000,0.006,0.000,0.013,0.125,0.544,0.000,0.000,0.063,0.000,0.000,0.000,0.000,0.000,0.256,1.000
55.00,56.00,0.000,0.338,0.000,0.000,0.000,0.000,0.169,0.337,0.000,0.000,0.156,0.000,0.000,0.000,0.000,0.000,0.338,1.000
56.00,57.00,0.000,0.375,0.000,0.075,0.000,0.000,0.250,0.188,0.000,0.000,0.112,0.000,0.000,0.000,0.000,0.000,0.450,1.000
57.00,58.00,0.000,0.312,0.000,0.162,0.000,0.000,0.169,0.281,0.062,0.000,0.013,0.000,0.000,0.000,0.000,0.000,0.475,1.000
58.00,59.00,0.000,0.150,0.000,0.037,0.000,0.000,0.125,0.537,0.125,0.000,0.025,0.000,0.000,0.000,0.000,0.000,0.188,1.000
59.00,60.00,0.000,0.175,0.000,0.000,0.000,0.000,0.137,0.538,0.125,0.000,0.025,0.000,0.000,0.000,0.000,0.000,0.175,1.000
60.00,61.00,0.000,0.200,0.000,0.000,0.000,0.000,0.100,0.500,0.125,0.000,0.075,0.000,0.000,0.000,0.000,0.000,0.200,1.000
61.00,62.00,0.000,0.250,0.000,0.062,0.000,0.088,0.188,0.263,0.125,0.000,0.025,0.000,0.000,0.000,0.000,0.000,0.312,1.000
62.00,63.00,0.000,0.250,0.000,0.025,0.000,0.225,0.000,0.375,0.125,0.000,0.000,0.000,0.000,0.000,0.000,0.000,0.275,1.000
63.00,64.00,0.000,0.431,0.000,0.000,0.000,0.000,0.044,0.294,0.125,0.000,0.106,0.000,0.000,0.000,0.000,0.000,0.431,1.000
64.00,65.00,0.000,0.337,0.000,0.000,0.000,0.000,0.100,0.438,0.125,0.000,0.000,0.000,0.000,0.000,0.000,0.000,0.337,1.000
65.00,66.00,0.000,0.231,0.000,0.062,0.000,0.000,0.238,0.275,0.106,0.000,0.087,0.000,0.000,0.000,0.000,0.000,0.294,1.000
66.00,67.00,0.000,0.025,0.000,0.000,0.000,0.000,0.150,0.712,0.038,0.000,0.075,0.000,0.000,0.000,0.000,0.000,0.025,1.000
67.00,68.00,0.000,0.062,0.000,0.000,0.000,0.000,0.188,0.569,0.000,0.000,0.181,0.000,0.000,0.000,0.000,0.000,0.062,1.000
68.00,69.00,0.000,0.144,0.000,0.000,0.000,0.000,0.200,0.550,0.000,0.000,0.106,0.000,0.000,0.000,0.000,0.000,0.144,1.000
69.00,70.00,0.000,0.000,0.000,0.000,0.000,0.000,0.137,0.850,0.000,0.000,0.012,0.000,0.000,0.000,0.000,0.000,0.000,1.000
70.00,71.00,0.000,0.225,0.000,0.000,0.000,0.000,0.025,0.537,0.000,0.000,0.088,0.000,0.000,0.000,0.000,0.125,0.257,1.000
71.00,72.00,0.000,0.150,0.000,0.000,0.000,0.000,0.031,0.531,0.100,0.000,0.062,0.000,0.000,0.000,0.000,0.125,0.171,1.000
72.00,73.00,0.000,0.150,0.000,0.000,0.000,0.000,0.062,0.600,0.000,0.000,0.062,0.000,0.000,0.000,0.000,0.125,0.171,1.000
73.00,74.00,0.000,0.250,0.000,0.000,0.000,0.000,0.062,0.387,0.000,0.000,0.175,0.000,0.000,0.000,0.000,0.125,0.285,1.000
74.00,75.00,0.000,0.162,0.000,0.038,0.000,0.000,0.000,0.550,0.000,0.000,0.125,0.000,0.000,0.000,0.000,0.125,0.228,1.000
75.00,76.00,0.000,0.219,0.000,0.000,0.000,0.000,0.000,0.644,0.000,0.000,0.012,0.000,0.000,0.000,0.000,0.125,0.250,1.000
76.00,77.00,0.000,0.300,0.000,0.000,0.000,0.000,0.000,0.550,0.000,0.000,0.025,0.000,0.000,0.000,0.000,0.125,0.343,1.000
77.00,78.00,0.000,0.275,0.000,0.000,0.000,0.000,0.062,0.475,0.000,0.000,0.062,0.000,0.000,0.000,0.000,0.125,0.314,1.000
78.00,79.00,0.000,0.244,0.000,0.000,0.000,0.000,0.156,0.475,0.000,0.000,0.000,0.000,0.000,0.000,0.000,0.125,0.279,1.000
79.00,80.00,0.000,0.213,0.000,0.000,0.000,0.000,0.200,0.262,0.000,0.000,0.138,0.000,0.000,0.000,0.000,0.188,0.262,1.000
80.00,81.00,0.000,0.125,0.000,0.000,0.000,0.000,0.019,0.481,0.000,0.000,0.125,0.000,0.000,0.000,0.000,0.250,0.166,1.000
81.00,82.00,0.000,0.225,0.000,0.000,0.000,0.000,0.000,0.438,0.000,0.000,0.088,0.000,0.000,0.000,0.000,0.250,0.300,1.000
82.00,83.00,0.000,0.250,0.000,0.000,0.000,0.000,0.000,0.400,0.000,0.000,0.100,0.000,0.000,0.000,0.000,0.250,0.333,1.000
83.00,84.00,0.000,0.250,0.000,0.000,0.000,0.000,0.088,0.412,0.000,0.000,0.000,0.000,0.000,0.000,0.000,0.250,0.333,1.000
84.00,85.00,0.000,0.469,0.000,0.000,0.000,0.000,0.012,0.269,0.000,0.000,0.000,0.000,0.000,0.000,0.000,0.250,0.625,1.000
85.00,86.00,0.000,0.381,0.000,0.000,0.000,0.000,0.000,0.269,0.000,0.000,0.050,0.000,0.000,0.000,0.000,0.300,0.544,1.000
86.00,87.00,0.000,0.250,0.000,0.000,0.000,0.000,0.000,0.300,0.000,0.000,0.075,0.000,0.000,0.000,0.000,0.375,0.400,1.000
87.00,88.00,0.000,0.137,0.000,0.000,0.000,0.000,0.000,0.350,0.000,0.000,0.137,0.000,0.000,0.000,0.000,0.375,0.219,1.000
88.00,89.00,0.000,0.125,0.000,0.000,0.000,0.000,0.000,0.500,0.000,0.000,0.000,0.000,0.000,0.000,0.000,0.375,0.200,1.000
89.00,90.00,0.000,0.169,0.000,0.000,0.000,0.000,0.000,0.356,0.000,0.000,0.100,0.000,0.000,0.000,0.000,0.375,0.270,1.000
90.00,91.00,0.000,0.250,0.000,0.000,0.000,0.000,0.000,0.338,0.000,0.000,0.037,0.000,0.000,0.000,0.000,0.375,0.400,1.000
91.00,92.00,0.000,0.250,0.000,0.000,0.000,0.000,0.000,0.375,0.000,0.000,0.000,0.000,0.000,0.000,0.000,0.375,0.400,1.000
92.00,93.00,0.000,0.175,0.000,0.000,0.000,0.000,0.000,0.262,0.000,0.000,0.113,0.000,0.000,0.000,0.000,0.450,0.318,1.000
93.00,94.00,0.000,0.125,0.000,0.000,0.000,0.000,0.000,0.200,0.000,0.000,0.075,0.000,0.000,0.000,0.000,0.600,0.312,1.000
94.00,95.00,0.000,0.019,0.000,0.000,0.000,0.000,0.000,0.125,0.000,0.000,0.000,0.000,0.000,0.000,0.000,0.856,0.132,1.000
,,,,,,,,,,,,,,,,,,,,
#,Total,in,one,level,,,,,,,,,,,,,,,,
,MIN,MAX,CL,PB,SP,CSI,CCh,CSII,LV,OB,MP,CF,WL,DR,PL,UDF,Remov.,Unavail.,Sand,Total
,0.00,95.00,0.002,0.221,0.000,0.019,0.000,0.018,0.077,0.325,0.012,0.000,0.054,0.000,0.000,0.000,0.000,0.272,0.242,1.000
